-142.107 152.784
-74.5762 173.551
-67.4505 -23.4595
-82.9199 -50.1047
-48.5699 -49.155
-46.074 -59.5533
-54.7554 -41.3862
-71.4751 -48.434
-70.0675 -35.3095
-89.837 -28.906
78.7423 14.8103
-149.756 146.419
-57.8006 144.219
-53.9587 -27.9431
-80.4259 -39.2972
-60.9416 -31.9504
-75.5147 -45.1539
-60.7988 -19.2384
-88.0292 7.02134
-96.463 153.143
-50.1653 137.017
-58.8941 -36.9999
-48.5752 -55.2908
-82.3556 -16.0924
-61.8018 -41.6648
-68.3936 -39.2889
-76.2657 -35.8613
-63.9452 -17.9313
-100.298 -30.1027
-51.3924 -38.5602
-76.8183 26.0813
-164.86 -40.9461
118.94 11.8115
-97.2279 153.665
